0 0 0
-0.0101186 -0.0211079 0.82787
-0.0258774 -0.0384047 1.63776
-0.0469521 -0.059835 2.41795
-0.0677824 -0.081642 3.16649
-0.0881341 -0.10238 3.87882
-0.115425 -0.124544 4.56236
-0.139563 -0.144317 5.21558
-0.164612 -0.16538 5.83949
-0.185015 -0.187115 6.44157
-0.205846 -0.205912 7.01692
-0.21833 -0.225729 7.57154
-0.22363 -0.241404 8.10432
-0.218295 -0.253742 8.61136
-0.206061 -0.268419 9.09473
-0.183925 -0.283324 9.55766
-0.154073 -0.295986 9.99204
-0.114238 -0.311679 10.4163
-0.0627203 -0.32447 10.8363
0.00123008 -0.3352 11.2448
0.0817475 -0.346692 11.6488
0.173511 -0.358799 12.0397
0.279483 -0.371219 12.4241
0.400555 -0.383889 12.802
0.533059 -0.397319 13.164
0.682564 -0.41609 13.515
0.843712 -0.434785 13.8619
0.991204 -0.461671 14.1795
1.17234 -0.471164 14.4908
1.36786 -0.482482 14.7912
1.58091 -0.494991 15.0703
1.81218 -0.503941 15.3263
2.04963 -0.522716 15.5965
2.29703 -0.53678 15.844
2.56322 -0.5354 16.0835
2.85197 -0.5295 16.3133
3.15798 -0.530633 16.4958
3.48352 -0.539127 16.6895
3.82723 -0.544925 16.877
4.18328 -0.546113 17.0497
4.54819 -0.552647 17.1921
4.89835 -0.569014 17.2998
5.18002 -0.570489 17.3425
5.51959 -0.59434 17.4055
5.85174 -0.624301 17.4467
6.25372 -0.638799 17.4912
6.67596 -0.649328 17.5139
7.09986 -0.662203 17.535
7.58757 -0.655987 17.5598
8.07599 -0.675472 17.5808
8.58181 -0.686437 17.6077
9.06648 -0.699443 17.5973
9.49852 -0.730774 17.5245
10.0384 -0.748567 17.4694
10.6284 -0.756822 17.4254
11.2844 -0.759285 17.4337
11.9043 -0.765385 17.4013
12.5129 -0.783035 17.3303
13.1503 -0.806919 17.2609
13.8072 -0.817968 17.2059
