0 0 0
-0.01205 -0.020352 0.831153
-0.026725 -0.0393447 1.63531
-0.0463518 -0.0603552 2.41663
-0.0651023 -0.0821439 3.16392
-0.0842873 -0.101918 3.87616
-0.109799 -0.124037 4.561
-0.132114 -0.143247 5.21357
-0.154818 -0.163788 5.83706
-0.1746 -0.185988 6.43881
-0.192706 -0.205818 7.01606
-0.208751 -0.222926 7.56419
-0.208278 -0.240804 8.10235
-0.207761 -0.251019 8.60212
-0.193514 -0.266211 9.08854
-0.171323 -0.279869 9.54594
-0.141283 -0.293895 9.9843
-0.101299 -0.308208 10.4081
-0.0518494 -0.321342 10.8197
0.0123823 -0.333556 11.2238
0.0911221 -0.345592 11.6238
0.18546 -0.358277 12.019
0.294353 -0.372238 12.4064
0.415686 -0.386614 12.7861
0.549915 -0.39982 13.1508
0.691357 -0.417004 13.49
0.846643 -0.438905 13.8377
0.997973 -0.464686 14.1465
1.17307 -0.476449 14.4586
1.36228 -0.491451 14.7449
1.57086 -0.498938 15.0124
1.81446 -0.512406 15.2876
2.06615 -0.531813 15.5615
2.31345 -0.545971 15.8157
2.58174 -0.556014 16.0546
2.86634 -0.563163 16.3062
3.17907 -0.55912 16.503
3.51123 -0.55287 16.6846
3.8534 -0.559849 16.8563
4.21105 -0.561062 17.0104
4.57906 -0.572064 17.1587
4.96667 -0.57937 17.2926
5.33239 -0.592362 17.3957
5.7024 -0.59889 17.486
6.09357 -0.588751 17.5493
6.51293 -0.612492 17.6
6.95799 -0.604104 17.6397
7.40195 -0.615518 17.6589
7.85877 -0.626545 17.6753
8.34822 -0.636178 17.7008
8.85468 -0.648915 17.7235
9.36437 -0.663161 17.7247
9.88069 -0.676746 17.704
10.448 -0.690735 17.6672
11.0324 -0.71021 17.6267
11.6067 -0.726049 17.5833
12.2188 -0.737539 17.5475
12.8559 -0.756764 17.5037
13.5017 -0.780068 17.4386
14.1732 -0.794068 17.3881
