12.695 -0.680765 17.0843 0
12.0785 -0.650916 17.1304 0
11.5403 -0.618576 17.1534 1
10.8278 -0.61595 17.2283 0
10.041 -0.617969 17.1044 0
9.7228 -0.575581 17.2226 0
9.40379 -0.52782 17.3542 1
9.11715 -0.543425 17.4462 0
8.6537 -0.477549 17.4239 1
8.21597 -0.512125 17.5122 0
7.76756 -0.405892 17.4853 1
7.38347 -0.488227 17.5034 0
6.9325 -0.480533 17.4946 0
0.358196 -0.361843 12.5619 0
0.251933 -0.349771 12.1721 0
0.155273 -0.33908 11.7777 0
0.0730235 -0.326865 11.3741 0
0.0134945 -0.316843 10.97 0
-0.0566989 -0.287523 10.3267 1
-0.154073 -0.295986 9.99204 0
-0.183925 -0.283324 9.55766 0
-0.206061 -0.268419 9.09473 0
-0.218295 -0.253742 8.61136 0
-0.216228 -0.226156 8.02184 1
-0.21833 -0.225729 7.57154 0
-0.0677824 -0.081642 3.16649 0
-0.0469521 -0.059835 2.41795 0
-0.0258774 -0.0384047 1.63776 0
0 0 0 1
-0.0101186 -0.0211079 0.82787 0
-0.0881341 -0.10238 3.87882 0
-0.115425 -0.124544 4.56236 0
-0.139563 -0.144317 5.21558 0
-0.164612 -0.16538 5.83949 0
-0.185015 -0.187115 6.44157 0
-0.205846 -0.205912 7.01692 0
0.475497 -0.375082 12.9371 0
0.612551 -0.389288 13.3003 0
0.70477 -0.40624 13.5757 0
0.758772 -0.390056 13.7413 1
1.00018 -0.437929 14.1857 0
1.18225 -0.448511 14.5065 0
1.38203 -0.460317 14.8217 0
1.58503 -0.475485 15.1053 0
1.8163 -0.485405 15.3708 0
1.85121 -0.382395 15.389 1
2.26085 -0.50398 15.7643 0
2.5412 -0.501541 16.0033 0
2.82273 -0.499466 16.2444 0
2.90635 -0.309155 16.3758 1
3.4317 -0.502154 16.5858 0
3.785 -0.507862 16.7814 0
4.15474 -0.512206 16.96 0
4.17121 -0.296049 16.9882 1
4.76382 -0.501945 17.1476 0
5.09158 -0.512345 17.2241 0
5.31588 -0.278734 17.2764 1
5.77402 -0.471873 17.4598 0
6.15512 -0.482419 17.5015 0
6.48422 -0.354398 17.3889 1
